111111111111111111111811111111111111111111111111
110000000011111111111011111111000000000000000011
110101111000000000000011111111011111111111111011
110101111111111111119111111119011111111111111011
110101111100011111111111111111011111111111111011
110101191101011111911119111111011111111111111011
110100000001000000000000000000000000000111111011
190111111111111111111111111191111191110111119011
110111111911111191111191111111111111110111111011
110000000100000000000000000000000000000111111011
110111110101111111111111011111911111191111111011
110000010001111119000000011111111111111111111011
111119111111111111111119111111111111111111111911