111111111111111111111111111111111111111111111111
111111111111111111111111111111111100000011111111
111111111111111111111111111111111111911011111011
111111111111111111111111191111191111111011111091
111111911111111111111111131111101100000000000011
111111311111111111111111131111101111911011111011
111111311111119111119000033333331111111011011011
111111311111113111111111111111131100000000000011
783333311111113111111111111111131111911011111111
111111311111113111111111111111131111111011111111
111111311111113111111111111111131111911011111111
111111333333333333333333333333330000000011111111
111111111111111111111111111111111111111111111111
