1111111111111111111111111111111111111111111111111111111111111111111111111111111111111111111111
1111111111111111111111111111111111000000111111111111111111111111111111111111111111111111111111
1111111111111111111111111111111111110110111110111111111111111111111111111111111111111111111111
1111111111111111111111111111111111111110111110011111111111111111111111111111111111111111111111
1111111111111111111111111011111011000000000000111111111111111111111111111111111111111111111111
1111110111111111111111111011111011110110111110111111111111111111111111111111111111111111111111
1111110111111111111110000000000011111110110110111111111111111111111111111111111111111111111111
1111110111111101111111111111111011000000000000111111111111111111111111111111111111111111111111
0000000111111101111111111111111011110110111111111111111111111111111111111111111111111111111111
1111110111111101111111111111111011111110111111111111111111111111111111111111111111111111111111
1111110111111101111111111111111011110110111111111111111111111111111111111111111111111111111111
1111110000000000000000000000000000000000111111111111111111111111111111111111111111111111111111
1111111111111111110111111111111011110110111111111111111111111111111111111111111111111111111111
1111111111111111110111111111111011111110111111111111111111111111111111111111111111111111111111
1111111111111111110111111111111011111110000000000000000000011111111111111111111111111111111111
1111111111111111110111111111111011111110111111111111111111011111111111111111111111111111111111
1111111111111111110111111111111011111110111111111111111111011111111111111111111111111111111111
1111111111111111110111111111111011100000111111111111111111011111111111111111111111111111111111
1111111111111111110111111111111011110110111011111011111111011111111111111111111111111111111111
1111111111111111110111111111111011111110000000000000011111011111111111111111111111111111111111
1111111111111111110111111111111011111110111011111011111111011111111111111111111111111111111111
1111111111111111110000000000000011111110111111111111111111011111111111111111111111111111111111
1111111111111111111111111111111011111110000001111111111111011111111111111111111111111111111111
1111111111111111111111111111111011111111110111111111111111011111111111111111111111111111111111
1111111111111111111111111111111011111111111111111111111111011111111111111111111111111111111111
1111111111111111111111111111111011111111111111111111111111011111111111111111111111111111111111
1111111111111111111111111111111011111111111111111100000000000000000000000111111111111111111111
1111111111111111111111111111111011111111111111111101111111111111111111110111111111111111111111
1111111111111111111111111111111011111111111111111101111111111111111111110111111111111111111111
1111111111111111111111111111111011111111111111111101111111111111111111110111111111111111111111
1111111111111111111111111111111011111111111110000000000000000001111111110111111111111111111111
1111111111111111111111111111111011111111111110110111111111111101110111110111111111111111111111
1111111111111111111111111111111011111111111110110111101111111100000011110111111111111111111111
1111111111111111111111111111111011111111111110110000000000111101111111110111111111111111111111
1111111111111111111111111111111011111111111110111111111111111101111111110111111111111111111111
1111111111111111111111111111111011111111111110111011111111111101111011110111111111111111111111
1111111111111111111111111111111011111111111110110000000000000000000001110111111111111111111111
1111111111111111111111111111111011111111111110111111101111111111011111110111111111111111111111
1111111111111111111111111111111011111111111110110111101101111111011101110111111111111111111111
1111111111111111111111111111111000000000000000000000000000000000000000000111111111111111111111
1111111111111111111111111111111111110111111110111111101111111111011111110111111111111111111111
1111111111111111111111111111111111110111111110110111101110000000000000110111111111111111111111
1111111111111111111111111111111111110111111110100000001111110111011101110111111111111111111111
1111111111111111111111111111111111110111111110111111101111111111011111110111111111111111111111
1111111111111111111111111111111111110111111110100000001110000000000000110111111111111111111111
1111111111111111111111111111111111110111111110110111101111110111111101110111111111111111111111
1111111111111111111111111111111111110111111110111111101111111111111111110111111111111111111111
1111111111111111111111111111111111110111111110000000000000000000000000000000000011111111111111
1111111111111111111111111111111111110111111110111111101111111111111111110111111011111111111111
1111111111111111111111111111111111110000000000111111101111111111111111110111111011111111111111
1111111111111111111111111111111111111111111110111111101111111111111111110111111011111111111111
1111111111111111111111111111111111111111111110111111101111111111111111110111111011111111111111
1111111111111111111111111111111111111111111110000000000000000000000000000000000011111111111111
1111111111111111111111111111111111111111111110111111101111111111111111110111111011111111111111
1111111111111111111111111111111111111111111110111111101111111111111111110111111011111111111111
1111111111111111111111111111111111111111111110111111101111111111111111110111111011111111111111
1111111111111111111111111111111111111111111110111111101111111111111111110111111011111111111111
1111111111111111111111111111111111111111111110111111101111111111111111110111111011111111111111
1111111111111111111111111111111111111111111110111111101111111111111111110111111011111111111111
1111111111111111111111111111111111111111111110111111101111111111111111110111111011111111111111
1111111111111111111111111111111111111111111110111111101111111111111111110111111011111111111111
1111111111111111111111111111111111111111111110111111101111111111111111110111111011111111111111
1111111111111111111111111111111111111111111110111111101111111111111111110111111011111111111111
1111111111111111111111111111111111111111111110000000000000000000000000000000000011111111111111
1111111111111111111111111111111111111111111110111111111111111111111111111111111011111111111111
1111111111111111111111111111111111111111111110111111111111111111111111111111111011111111111111
1111111111111111111111111111111111111111111110111111111111111111111111111111111011111111111111
1111111111111111111111111111111111111111111110000000000000000000000000000000000011111111111111
1111111111111111111111111111111111111111111111111111111111111101111111111111111111111111111111
1111111111111111111111111111111111111111111111111111111111000000000111111111111111111111111111
1111111111111111111111111111111111111111111111111111111111011111110111111111111111111111111111
1111111111111111111111111111111111111111111111111111111111011111110111111111111111111111111111

